0.357143
0.357143
0.071429
0.071429
0.071429
0.428571
0.428571
0.428571
0.428571
0.428571
0.428571
0.071429
0.428571
0.428571
0.500000
0.500000
0.642857
0.214286
0.642857
0.642857
0.714286
0.714286
0.714286
0.714286
0.285714
0.785714
0.857143
0.357143
0.857143
0.857143
0.357143
0.857143
0.857143
0.857143
0.857143
0.857143
0.785714
0.857143
0.857143
0.785714
0.357143
0.285714
0.857143
0.857143
0.928571
0.928571
0.928571
0.928571
0.928571
0.928571
0.928571
0.928571
0.928571
0.928571
0.928571
0.928571
0.928571
0.928571
0.928571
0.928571
0.928571
0.928571
0.928571
0.928571
0.928571
0.928571
0.928571
0.928571
0.928571
0.928571
0.928571
0.928571
0.928571
0.928571
0.928571
0.928571
1.000000
1.000000
1.000000
1.000000
1.000000
1.000000
1.000000
1.000000
1.000000
1.000000
1.000000
1.000000
1.000000
0.500000
0.928571
0.928571
1.000000
1.000000
1.000000
1.000000
0.357143
1.000000
1.000000
0.928571
0.928571
1.000000
1.000000
1.000000
1.000000
1.000000
1.000000
1.000000
1.000000
1.000000
0.357143
1.000000
1.000000
1.000000
0.928571
1.000000
1.000000
1.000000
1.000000
0.500000
0.357143
1.000000
1.000000
1.000000
1.000000
1.000000
1.000000
1.000000
0.928571
1.000000
1.000000
1.000000
0.357143
0.571429
1.000000
0.714286
1.000000
1.000000
1.000000
0.285714
0.357143
1.000000
1.000000
1.000000
1.000000
1.000000
1.000000
1.000000
1.000000
1.000000
1.000000
1.000000
0.857143
1.000000
1.000000
1.000000
1.000000
0.928571
0.500000
1.000000
1.000000
0.357143
1.000000
1.000000
1.000000
1.000000
1.000000
1.000000
1.000000
1.000000
1.000000
1.000000
1.000000
1.000000
1.000000
1.000000
0.357143
0.357143
1.000000
1.000000
1.000000
1.000000
1.000000
1.000000
1.000000
1.000000
1.000000
1.000000
0.357143
0.928571
1.000000
1.000000
1.000000
1.000000
1.000000
1.000000
1.000000
1.000000
1.000000
1.000000
1.000000
1.000000
1.000000
1.000000
1.000000
1.000000
1.000000
1.000000
1.000000
1.000000
1.000000
1.000000
1.000000
1.000000
1.000000
1.000000
0.357143
1.000000
1.000000
1.000000
1.000000
1.000000
1.000000
1.000000
1.000000
1.000000
1.000000
1.000000
1.000000
0.285714
1.000000
0.285714
1.000000
1.000000
0.928571
1.000000
1.000000
1.000000
1.000000
1.000000
1.000000
1.000000
1.000000
1.000000
1.000000
1.000000
1.000000
1.000000
1.000000
1.000000
1.000000
1.000000
1.000000
1.000000
1.000000
1.000000
1.000000
0.928571
1.000000
1.000000
1.000000
1.000000
1.000000
1.000000
1.000000
1.000000
1.000000
1.000000
1.000000
1.000000
1.000000
1.000000
1.000000
1.000000
1.000000
1.000000
1.000000
1.000000
0.928571
0.357143
1.000000
0.357143
1.000000
1.000000
1.000000
1.000000
0.357143
1.000000
1.000000
1.000000
0.857143
0.928571
1.000000
1.000000
1.000000
1.000000
1.000000
1.000000
1.000000
1.000000
1.000000
1.000000
1.000000
1.000000
1.000000
1.000000
1.000000
1.000000
1.000000
1.000000
1.000000
1.000000
1.000000
1.000000
1.000000
1.000000
1.000000
1.000000
0.928571
1.000000
1.000000
1.000000
1.000000
1.000000
0.571429
0.357143
1.000000
0.428571
1.000000
1.000000
1.000000
1.000000
1.000000
1.000000
0.285714
1.000000
0.285714
1.000000
1.000000
1.000000
1.000000
1.000000
1.000000
1.000000
1.000000
0.285714
1.000000
1.000000
0.428571
1.000000
1.000000
1.000000
1.000000
1.000000
1.000000
1.000000
1.000000
0.357143
1.000000
1.000000
0.357143
1.000000
1.000000
1.000000
1.000000
1.000000
0.357143
1.000000
1.000000
0.928571
1.000000
1.000000
0.357143
1.000000
1.000000
1.000000
1.000000
0.285714
0.928571
0.500000
1.000000
1.000000
0.928571
1.000000
0.357143
1.000000
1.000000
1.000000
1.000000
1.000000
1.000000
1.000000
1.000000
1.000000
0.357143
1.000000
1.000000
1.000000
1.000000
0.571429
1.000000
1.000000
0.571429
1.000000
1.000000
1.000000
0.357143
1.000000
1.000000
1.000000
1.000000
1.000000
1.000000
1.000000
1.000000
1.000000
1.000000
1.000000
1.000000
1.000000
0.571429
0.500000
1.000000
1.000000
1.000000
1.000000
0.928571
1.000000
1.000000
0.357143
0.357143
1.000000
0.357143
1.000000
1.000000
0.857143
1.000000
1.000000
0.928571
1.000000
1.000000
0.857143
1.000000
1.000000
0.500000
0.571429
1.000000
0.928571
1.000000
1.000000
