0.9145
0.8714
1.1168
0.6315
0.8284
0.5100
0.2201
0.1418
0.1150
0.2902
0.3759
0.1017
0.1213
0.0455
0.2600
0.3704
0.0738
0.0769
0.0408
0.0783
0.0713
0.2963
0.3679
1.0833
0.6606
0.7193
0.6948
0.2283
0.2450
0.2286
0.5977
0.1328
0.1567
0.1684
0.4461
2.1589
0.9502
0.8228
0.9825
0.1407
0.0765
0.1421
0.2592
1.3957
0.2272
0.2943
0.2667
1.4640
1.8735
1.4101
1.4948
0.2604
0.1413
0.0594
0.0544
0.0707
0.1292
0.1366
0.7801
0.1484
0.1193
0.0643
0.0939
0.4241
0.5815
0.1630
0.0901
0.1530
0.1886
0.1712
0.0756
0.1192
0.1078
0.1018
0.3415
0.6242
0.3575
0.3788
0.3384