1.0045
0.7345
0.8780
0.9857
0.7175
0.6665
0.6074
0.5117
0.2595
0.2124
0.2110
0.0789
0.1156
0.2068
0.3694
0.2895
0.1761
0.1601
0.4039
0.1921
0.4697
0.6341
0.8549
1.6347
0.7540
0.8049
0.6293
0.6997
0.7195
0.5870
0.8909
0.7536
0.2989
0.1466
0.1043
0.2155
0.4901
0.4409
0.3759
0.1576
0.1002
0.4938
0.3985
0.8515
0.5905
0.9217
0.9397
1.2671
1.3228
0.7406
0.9970
0.9489
0.9547
0.8434
0.9536
0.4079
0.7618
0.4508
1.0244
0.9949
0.7586
0.8313
0.8179
0.4699
0.7154
0.8128
0.4619
0.3584
0.0059
0.0093
-0.0026
0.0177
0.0185
0.0571
0.5101
0.5997
0.4453
0.7055
0.9550
